45,8224176
45,7771229
45,8365386
45,8382531
nulla
nulla
45,7022114
45,7959441
45,8125311
45,7991486
45,7988148
45,7899452
nulla
nulla
45,8019518
45,8150457
45,825649
nulla
45,8655608
45,7826815
nulla
nulla
45,7945618
nulla
45,7789038
45,8292706
45,8365935
45,8065516
nulla
nulla
45,789702
45,780624
45,7812287
45,8082401
45,8118087
nulla
45,7252434
45,7640434
45,8374549
45,8006257
45,8273804
45,8451557
45,726978
45,8339133
45,7736246
45,7839186
45,7740219
45,7899566
45,7896795
nulla
45,8108431
45,8303839
45,7046057
45,8184866
45,7803161
45,8065448
nulla
45,8190666
45,7563965
45,8134136
45,8108355
nulla
45,8300301
nulla
45,8132156
45,8242826
45,8088257
45,8003459
45,8362732
45,8114183
45,8096722
45,8303645
45,8160255
45,7991122
45,8361357
45,8147761
nulla
45,808231
46,1025892
45,7830352
45,8114432
45,7125978
nulla
45,7731162
nulla
45,742978
45,8351219
46,1741744
46,1256453
45,8050851
45,8313477
45,8132949
45,8200386
45,8095
nulla
45,8714032
45,7965572
45,8101391
45,7343409
45,7771274
45,7114614
nulla
45,7996652
nulla
45,7893876
nulla
45,8219293
45,7899521
45,8299749
45,8012251
nulla
45,7347859
45,7405226
45,7000907
45,7784767
45,733681
45,7937234
45,7883946
45,7997103
45,7016352
nulla
45,7917258
45,8353847
45,83437
45,841575
45,8197177
45,8244421
45,7934291
nulla
45,8043319
45,7737817
45,8399541
45,7958358
45,7944435
45,7943931
45,747599
nulla
45,8180607
nulla
nulla
nulla
nulla
45,8230616
45,795755
45,8019433
45,8322876
45,79151
45,806346
45,7944367
45,8268082
45,7076467
45,8124984
45,7838712
nulla
45,82177595
45,9856295
45,9362651
45,8201768
45,7863543
45,8074758
nulla
nulla
45,7927396
nulla
45,8050006
45,8109552
nulla
nulla
nulla
45,7751818
45,7034858
45,7968411
nulla
45,9543281
45,7906387
45,7426083
nulla
45,8495266
45,8288876
45,8134019
nulla
45,8329076
45,8265987
45,7324539
45,7332701
45,97488
nulla
45,7951362
nulla
45,8132378
nulla
45,8261969
nulla
46,1271676
45,7526511
nulla
45,7933827
45,8132509
nulla
45,8043993
nulla
45,7998934
nulla
nulla
45,7907666
45,7994447
nulla
45,8140701
45,8351404
45,8138689
nulla
nulla
nulla
nulla
nulla
nulla
nulla
nulla
45,667809
nulla
45,9337492
nulla
45,6999686
nulla
nulla
nulla
nulla
nulla
nulla
45,6991585
nulla
45,7989795
nulla
45,7929336
45,7054264
45,6819424
45,6705964
45,7147083
45,7855438
45,8075849
45,8333948
45,7777173
nulla
45,8118701
45,8117656
45,8608794
45,7940509
nulla
nulla
45,7794359
nulla
nulla
nulla
45,7447685
46,0604135
nulla
45,8150256
nulla
45,8081108
45,8123214
45,7449182
45,7952709
46,0240887
45,7991183
45,6942175
45,7807821
45,7923606
nulla
nulla
45,8306868
45,8107228
45,7737585
45,8352349
45,8380463
45,8414004
45,7003852
45,8240583
45,7853517
46,1524467
46,0719786
45,7319986
45,9185972
45,8128287
46,0262638
nulla
45,7922235
45,7922611
nulla
45,825196
45,804803
nulla
45,8210844
45,96428515
nulla
nulla
45,8077257
45,7201388
45,80089745
nulla
45,8078859
46,1015888
nulla
45,801183
nulla
45,7917435
45,7871045
45,8122153
45,7981627
45,8136113
45,8095559
45,8038529
45,799305
45,8114907
45,7883356
nulla
nulla
nulla
45,7934019
45,7950757
nulla
nulla
45,8144754
45,8093098
45,8062977
nulla
45,7760725
45,8438028
45,8021831
45,780624
45,8117837
45,7521246
nulla
45,8090424
45,7231971
nulla
45,7806912
45,7860578
45,8106435
45,7976497
45,8122798
nulla
nulla
45,8141385
45,7172628
nulla
45,807443
45,78996
45,7814603
45,9359123
45,797347
45,7743923
45,8044574
45,7022794
45,8126718
nulla
45,8269302
nulla
45,7912205
45,8049216
45,8113157
nulla
nulla
45,8260838
nulla
nulla
45,8257254
45,8329076
nulla
45,7939582
nulla
45,791633
nulla
45,720587
45,832395
nulla
45,731976
nulla
45,8129374
nulla
45,8162282
nulla
45,7965349
45,779423
45,8123066
nulla
45,816196
nulla
46,0351412
45,7667152
45,8109001
45,8085299
nulla
45,8037047
45,7918244
45,8639179
45,7525629
45,8099934
45,7197888
45,6508595
45,7985984
45,7435783
45,7813139
45,7928253
45,8369412
nulla
45,9125647
nulla
45,665475
45,7919727
45,801553
45,7891192
nulla
45,7299392
45,7959184
45,6766247
45,7360794
45,8060461
nulla
nulla
nulla
nulla
45,7802298
45,8249687
45,8028088
45,7983367
45,7877144
45,8050194
45,7943322
45,8114806
45,8118025
45,8161247
nulla
45,8272461
45,7989121
45,8090941
45,8021071
45,7862151
nulla
nulla
45,7934225
45,8330011
45,772806
nulla
nulla
nulla
45,8064176
45,808647
45,8284808
45,8343737
45,8110487
45,7952654
45,7447372
45,8263273
45,7315421
45,769785
45,8451793
46,1605218
45,7906275
45,8291728
45,7490569
45,8112072
45,9813207
nulla
45,7999073
nulla
45,8249549
45,8027321
45,8097151
nulla
nulla
nulla
45,7279709
45,9381212
45,7908554
45,8125009
45,8347245
nulla
45,8122395
nulla
45,7428692
45,7955943
45,8324528
nulla
nulla
45,8018049
nulla
nulla
45,8184838
45,7331004
nulla
45,8506675
45,8946421
45,8086765
nulla
nulla
45,7952333
45,7244583
45,8704358
nulla
45,7794967
45,8103695
45,8057954
nulla
45,7753069
45,8441879
nulla
45,776869
45,7949731
45,8046876
45,80787815
45,8296947
nulla
nulla
45,9451572
nulla
45,8343037
45,8357005
45,837452
45,8122858
45,7003933
45,8114208
nulla
nulla
45,8131318
nulla
45,7997556
45,8122128
nulla
45,7154049
45,7732849
nulla
45,7738622
45,8366788
45,8173851
45,7387954
45,7881586
45,8351875
45,8364938
45,840395
nulla
45,7218677
45,8079843
45,6952105
45,8124111
45,8125697
45,7832454
45,8042574
45,7847649
nulla
nulla
45,8135308
45,6767173
45,735072
45,7162703
45,8038706
45,7744579
45,7918557
45,7978606
45,7328842
45,831871
45,6933944
45,836234
45,8275364
45,8361279
45,8310068
45,8124381
nulla
45,8132024
45,8233249
45,7987701
45,7823625
nulla
45,6970765
45,98433295
45,8225881
45,6659108
45,836392
45,8090086
45,7845793
45,8117961
45,8104859
45,6890621
45,78168
45,8214754
45,7991095
45,8361927
45,9644236
nulla
45,791715
nulla
nulla
nulla
45,809436
45,833027
45,7301741
45,7370804
45,8379016
45,7964398
nulla
45,8087788
45,9898338
45,6863082
nulla
45,8107854
46,0350342
45,8249303
45,8026318
45,7812927
45,7966795
45,8111186
45,8018922
nulla
45,7852142
nulla
45,7832146
45,8237817
45,8119678
45,8325109
45,7364801
45,7834253
45,8489596
45,8135781
45,7945708
45,7858093
45,8332964
45,7943363
nulla
45,8020525
nulla
nulla
45,8350291
45,8129753
nulla
45,8054955
45,8258803
45,8291488
45,8140553
45,7800481
nulla
45,8334861
45,7955732
45,8069226
45,7871721
45,7393646
nulla
45,8171863
45,8147611
45,7838012
45,7999177
45,7785215
45,742224
45,7930208
45,7779933
nulla
45,7739849
nulla
45,7803938
45,7946355
nulla
nulla
nulla
45,6991695
45,7872026
45,9229899
45,7972952
45,7195993
nulla
45,7205564
45,6774144
45,7152686
45,8095007
45,8162935
45,8068805
45,8339393
45,77556
45,837957
45,8131537
45,8087134
45,8143483
nulla
nulla
nulla
45,8328397
nulla
45,7787789
45,8340658
45,8203822
nulla
nulla
45,8012018
45,7950381
nulla
nulla
45,8055307
45,787469
45,9375736
45,8321512
45,7062375
45,8093317
45,7901092
45,7799558
45,8117377
45,7969614
nulla
45,7469393
45,7941601
45,8189707
45,8223572
45,7974121
nulla
45,8109332
45,8062059
45,8094091
45,6523248
45,7983598
45,7854101
45,8107251
45,8119102
45,7719153
45,8031269
45,8415276
45,8084461
45,8096066
45,8176138
45,8037046
45,8340235
45,7430461
45,8067289
45,7828316
nulla
45,8065527