9,0547242
9,0780635
9,061838
9,041132
nulla
nulla
9,1147975
9,0634183
9,0816507
9,0854229
9,0873894
9,0766158
nulla
nulla
9,0911336
9,0850552
9,0488639
nulla
9,2483403
8,9673003
nulla
nulla
9,2024585
nulla
9,1034181
9,0466982
9,0649339
9,0862303
nulla
nulla
9,0812387
9,1006961
9,0949111
9,0867884
9,0821778
nulla
9,1521471
9,0926624
9,0708559
9,111316
9,0495473
9,047394
9,1243901
9,0419342
9,0920282
9,0939322
9,0873049
9,0694978
8,9359609
nulla
9,0913452
9,0385343
9,0811891
9,0635272
9,0828627
9,0798003
nulla
8,9481631
9,1350037
9,0918142
9,0858471
nulla
9,0375633
nulla
9,0823337
9,0665957
9,0952606
8,9374451
9,0465476
9,0819384
9,0826757
9,0706826
9,0840773
9,0957141
9,0491043
9,0678626
nulla
9,0784767
9,2761971
8,97418758456076
9,0755665
9,0390222
nulla
9,1242247
nulla
9,187142
9,0603519
9,3744674
9,284906
9,0985965
9,0386766
9,0491549
9,0568668
9,1016178
nulla
9,2375276
9,0602601
9,0769645
9,1221904
9,096712
9,0571105
nulla
9,0887669
nulla
9,0840228
nulla
9,0547181
9,0719817
9,0678408
9,1261842
nulla
8,978528
9,1063049
9,027392
9,0982581
9,1491144
9,1985059
9,0840754
9,1085835
9,1824035
nulla
9,0989069
9,0468656
9,0459603
9,0691613
9,0535405
9,0543098
9,1213541
nulla
9,0934623
9,0883652
9,0670358
9,1091471
9,0981245
9,0658198
9,1830065
nulla
9,051718
nulla
nulla
nulla
nulla
9,0583258
9,0914825
9,0916969
9,0371619
9,0758707
9,0852003
9,0575893
9,0496448
9,0932718
9,0808192
9,0698271
nulla
9,05473336462016
9,0281191
9,2720435
9,0647815
9,0888313
9,0942685
nulla
nulla
9,0974284
nulla
9,0850433
9,0823595
nulla
nulla
nulla
9,0707025
9,0843106
9,0947744
nulla
9,0739006
9,0687674
9,0475497
nulla
9,0789945
9,0497198
8,9210026
nulla
9,0669151
9,059489
9,05702152079914
9,1460863
9,1926037
nulla
9,0990536
nulla
9,074507
nulla
9,0499588
nulla
9,2857558
9,0157161
nulla
9,0972104
9,0914467
nulla
9,0835449
nulla
9,1082054
nulla
nulla
9,0782275
9,0955231
nulla
9,2239966
9,0453145
9,0697408
nulla
nulla
nulla
nulla
nulla
nulla
nulla
nulla
9,0408382
nulla
9,2670208
nulla
9,0960169
nulla
nulla
nulla
nulla
nulla
nulla
9,0739205
nulla
8,9125188
nulla
9,0249817
9,0777798
9,1668198
8,9613205
9,2065211
9,0606852
9,0926946
9,0603609
9,0958651
nulla
9,0826965
9,0825829
9,1000096
9,0962102
nulla
nulla
9,0968538
nulla
nulla
nulla
9,0556635
9,2123884
nulla
9,0846098
nulla
9,0937126
9,0811614
8,9998051
9,1775619
9,0890881
9,0998109
9,0401925
9,1028165
9,096818
nulla
nulla
9,0358872
9,0777043
9,0939908
9,0634119
9,0420234
9,0779101
9,0807242
9,0494628
9,0896992
9,3342849
9,262844
9,1010835
9,2667475
9,0705365
9,2299207
nulla
9,0774831
9,0964718
nulla
9,0801479
9,09037
nulla
9,2699848
9,16574943077016
nulla
nulla
9,120172
9,1507878
9,05888007717022
nulla
9,0851136
9,2758712
nulla
9,0895772
nulla
9,0793657
9,0830842
9,0820645
9,0636994
9,0892732
9,0960465
9,0826711
9,0860629
9,0786405
9,0703832
nulla
nulla
nulla
9,0985399
9,1178331
nulla
nulla
9,0637419
9,0828552
9,0781953
nulla
9,1021428
9,0682369
9,0848048
9,1006961
9,0804657
9,1280009
nulla
9,0803704
9,0135672
nulla
9,0827392
9,0531838
9,0862529
9,1138592
9,0873843
nulla
nulla
9,08450930027236
9,0173931
nulla
9,090735
9,0753196
9,0984854
9,2718613
9,1069378
9,0873117
9,081499
9,0388838
9,0825578
nulla
9,045801
nulla
9,0966481
9,1197843
9,0834181
nulla
nulla
9,0487698
nulla
nulla
9,0512361
9,0669151
nulla
9,0660785
nulla
9,1647483
nulla
9,1544584
9,0363658
nulla
9,0547338
nulla
9,0175752
nulla
9,2785053
nulla
9,0569606
9,0987786
9,0720634
nulla
9,058062
nulla
9,1180384
9,0282401
9,0799558
9,0861593
nulla
9,0893974
9,177914
9,2671765
9,0047218
9,0755678
9,1568161
8,996408
9,0897977
9,1172798
9,1088908
9,0986223
9,0482883
nulla
9,1314821
nulla
9,035024
9,0751227
9,0643082
9,1008556
nulla
9,1243546
9,0959941
9,1796727
9,1553421
9,0749815
nulla
nulla
nulla
nulla
9,0939506
9,0488294
9,0905558
9,178978
9,0904966
9,0841633
9,0933867
9,0802795
9,0924369
9,0666963
nulla
9,0514979
9,0867558
9,0839866
9,1170057
9,06673270059173
nulla
nulla
9,0601215
9,0635594
9,0982155
nulla
nulla
nulla
9,0986591
9,0846594
9,0398816
9,0482402
9,0801459
9,1073602
9,1385341
9,048472
9,1537662
9,1981499
9,0683267
9,328968
9,0731046
9,0479842
9,1487404
9,1119644
9,0188636
nulla
9,0932742
nulla
9,0492191
9,10682
9,0840543
nulla
nulla
nulla
9,1240358
9,2695588
9,0760991
9,0872358
9,0432414
nulla
9,0706405
nulla
9,1275806
9,0917857
9,0656665
nulla
nulla
9,0810605
nulla
nulla
9,0840732
9,2128468
nulla
9,11222
9,1548749
9,0959907
nulla
nulla
9,1220206
9,1516536
9,233912
nulla
9,1812313
9,0743153
9,0973986
nulla
9,089122
9,0675431
nulla
9,0782185
9,0600606
9,1150834
9,08526497791861
9,0441683
nulla
nulla
9,2668172
nulla
9,0576682
9,0662834
9,0682469
9,0852518
9,1191908
9,0844885
nulla
nulla
9,0690205
nulla
9,0555495
9,0841855
nulla
9,0973463
9,0715692
nulla
9,1028063
9,0719529
9,0862475
9,134605
9,0923506
9,0458487
9,042509
9,0397217
nulla
9,1487596
9,0817458
9,0538533
9,071815
9,0741181
8,9196769
9,0787812
9,0766449
nulla
nulla
9,0866047
9,1660945
9,1270671
9,0997607
9,1113605
9,106424
9,0614227
9,0871437
9,2272383
9,0664876
9,0473086
9,039137
9,0504213
9,0654266
9,0474435
9,0838148
nulla
9,0833532
9,0618847
9,066904
9,0973632
nulla
9,0399476
9,20595588942252
9,0496107
9,1838426
9,0386904
9,0928438
8,9707239
9,0766464
9,0838532
9,1762015
9,1030418
9,0538974
9,061465
9,045344
9,1663461
nulla
9,0751138
nulla
nulla
nulla
9,0841388
9,0392796
9,1152887
9,1232097
9,040249
9,0649773
nulla
9,0733334
9,2257004
9,1289794
nulla
9,07389982051431
9,224923
9,0508166
9,0818083
9,0968169
9,1076905
9,0746176
9,0800371
nulla
8,9723105
nulla
9,0929356
9,0641348
9,0694942
9,0599322
9,0609704
9,0778643
9,0753596
9,0701713
9,1814212
9,0917337
9,0707956
9,1040166
nulla
9,0781177
nulla
nulla
9,0393589
9,0713212
nulla
9,0899746
9,0503392
9,0449899
9,0701269
9,0698113
nulla
9,0701963
9,1058975
9,086343
9,0731246
9,135004
nulla
9,0650322
9,0721576
9,0877761
9,1115072
9,0700216
9,208997
9,0726209
9,094165
nulla
9,1171895
nulla
9,0784547
9,1090029
nulla
nulla
nulla
9,0727955
8,9597369
9,21644145
9,0621655
9,1489142
nulla
9,1505352
8,9445548
9,2235348
9,0742545
9,0845451
9,0796319
9,0687293
9,1038088
9,0689733
9,0801668
9,085994
9,082361
nulla
nulla
nulla
9,0530303
nulla
9,1014632
8,9478179
9,0579102
nulla
nulla
9,0951512
9,0669969
nulla
nulla
9,0822991
9,0492417
9,27972
9,0357583
8,9825543
9,0746879
9,0621729
9,0971109
9,0851061
9,105638
nulla
9,22121401571748
9,0664246
9,06535005042105
9,0605559
9,055104
nulla
9,0811067
9,0857843
9,0852949
9,0031652
9,1005022
9,0948232
9,0828395
9,078718
9,0228176
9,1240848
9,0772366
9,04851830622318
9,0607061
9,0635021
9,1250268
9,0436891
9,1344877
9,0969691
9,0995707
nulla
9,08763109999995